1 0.295988 0.102087 0.069472 0.073059
1 0.567515 0.145793 0.070450 0.079583
1 0.592955 0.231898 0.082192 0.087410
1 0.282779 0.229289 0.084149 0.079583
1 0.414384 0.356491 0.090998 0.096543
1 0.275440 0.390411 0.090998 0.106980
1 0.558708 0.554142 0.099804 0.126549
1 0.792564 0.469341 0.095890 0.108284
0 0.391879 0.154925 0.075342 0.076973
0 0.488748 0.270385 0.085127 0.091324
0 0.500978 0.397586 0.084149 0.100457
0 0.418297 0.525440 0.096869 0.116112
0 0.714775 0.312133 0.085127 0.088715
0 0.674168 0.384540 0.091977 0.105675
0 0.700587 0.567841 0.105675 0.122635
0 0.567025 0.709393 0.106654 0.142205
0 0.762720 0.683301 0.108611 0.142205