1 0.308708 0.138617 0.083170 0.096543
1 0.605675 0.155577 0.082192 0.096543
1 0.328278 0.338226 0.089041 0.106980
1 0.645793 0.259295 0.088063 0.108284
1 0.863992 0.508480 0.088063 0.113503
1 0.482387 0.456947 0.086106 0.114808
1 0.355675 0.517613 0.092955 0.113503
1 0.649217 0.644162 0.090998 0.123940
0 0.422701 0.198630 0.078278 0.101761
0 0.774462 0.339530 0.089041 0.099152
0 0.543542 0.333659 0.081213 0.100457
0 0.744618 0.439987 0.088063 0.112198
0 0.574364 0.484997 0.090020 0.121331
0 0.513209 0.640248 0.087084 0.116112
0 0.782290 0.635029 0.098826 0.116112
0 0.843444 0.742009 0.099804 0.123940
0 0.678571 0.802022 0.098826 0.131768