1 0.248677 0.140212 0.071429 0.068783
1 0.919312 0.085979 0.082011 0.076720
1 0.626323 0.328042 0.080688 0.079365
1 0.513889 0.340608 0.075397 0.078042
1 0.431878 0.341270 0.075397 0.082011
0 0.546958 0.107143 0.075397 0.074074
0 0.754630 0.225529 0.080688 0.078042
0 0.769180 0.447090 0.085979 0.087302
0 0.901455 0.454365 0.085979 0.088624
0 0.607804 0.542989 0.085979 0.085979
0 0.769180 0.704365 0.093915 0.099206
0 0.508598 0.561508 0.085979 0.088624
0 0.400132 0.556217 0.085979 0.083333
0 0.187831 0.466931 0.076720 0.074074