0 0.079365 0.112434 0.097884 0.095238
0 0.924603 0.097222 0.100529 0.096561
0 0.096561 0.542328 0.095238 0.089947
0 0.378968 0.532407 0.093915 0.088624
0 0.503307 0.655423 0.088624 0.091270
0 0.154762 0.929233 0.092593 0.088624
0 0.922619 0.925265 0.099206 0.088624
1 0.387566 0.418651 0.087302 0.085979
1 0.497354 0.405423 0.089947 0.091270
1 0.617725 0.412698 0.084656 0.087302
1 0.629630 0.534392 0.087302 0.087302
1 0.626984 0.655423 0.087302 0.088624
1 0.389550 0.666005 0.085979 0.088624
1 0.923280 0.542328 0.092593 0.095238