0 0.095238 0.085979 0.100529 0.089947
0 0.085317 0.496032 0.099206 0.084656
0 0.064153 0.906746 0.096561 0.093915
0 0.507937 0.910053 0.092593 0.087302
0 0.514550 0.776455 0.089947 0.087302
0 0.514550 0.632937 0.082011 0.088624
0 0.649471 0.513889 0.082011 0.078042
0 0.912037 0.517196 0.085979 0.082011
0 0.946429 0.125000 0.093915 0.096561
1 0.544312 0.103175 0.093915 0.089947
1 0.793651 0.251323 0.092593 0.087302
1 0.525794 0.246032 0.091270 0.089947
1 0.527116 0.392857 0.085979 0.084656
1 0.653439 0.399471 0.082011 0.079365
1 0.399471 0.396164 0.089947 0.088624
1 0.384259 0.511905 0.093915 0.087302
1 0.395503 0.621032 0.092593 0.083333
1 0.648148 0.629630 0.089947 0.084656