0 0.424603 0.191138 0.082011 0.070106
0 0.673280 0.292989 0.095238 0.080688
0 0.713624 0.502646 0.096561 0.082011
0 0.859788 0.501323 0.097884 0.084656
0 0.087302 0.562831 0.087302 0.075397
0 0.326720 0.630952 0.092593 0.076720
0 0.547619 0.602513 0.097884 0.080688
0 0.439153 0.753307 0.089947 0.083333
0 0.183862 0.761905 0.089947 0.079365
0 0.062831 0.890212 0.096561 0.079365
1 0.842593 0.140873 0.097884 0.080688
1 0.430556 0.294312 0.088624 0.075397
1 0.099206 0.245370 0.079365 0.067460
1 0.199735 0.337963 0.082011 0.070106
1 0.437831 0.409392 0.092593 0.078042
1 0.580688 0.525794 0.095238 0.075397
1 0.188492 0.554233 0.083333 0.074074
1 0.435847 0.874339 0.099206 0.089947