0 0.054233 0.189153 0.089947 0.092593
0 0.427910 0.092593 0.085979 0.095238
0 0.816138 0.018519 0.089947 0.037037
0 0.968915 0.791667 0.062169 0.099206
0 0.285053 0.945767 0.080688 0.082011
0 0.156746 0.594577 0.083333 0.080688
0 0.279762 0.566138 0.085979 0.084656
0 0.444444 0.640212 0.074074 0.079365
0 0.548942 0.617063 0.074074 0.083333
1 0.491402 0.379630 0.083333 0.089947
1 0.406746 0.546296 0.075397 0.074074
1 0.599868 0.359788 0.080688 0.089947
1 0.636243 0.473545 0.082011 0.084656
1 0.657407 0.592593 0.079365 0.084656
1 0.826720 0.682540 0.079365 0.082011
1 0.766534 0.436508 0.080688 0.084656
1 0.906085 0.414021 0.089947 0.084656