1 0.142857 0.386243 0.082011 0.095238
1 0.272487 0.403439 0.084656 0.105820
1 0.400132 0.404101 0.070106 0.104497
1 0.408069 0.295635 0.072751 0.093915
1 0.601852 0.401455 0.068783 0.093915
1 0.517196 0.537037 0.076720 0.105820
1 0.410714 0.532407 0.078042 0.104497
0 0.070106 0.936508 0.113757 0.126984
0 0.544974 0.904762 0.095238 0.137566
0 0.943783 0.888228 0.096561 0.141534
0 0.728836 0.387566 0.076720 0.092593
0 0.839286 0.386905 0.072751 0.096561
0 0.746032 0.075397 0.063492 0.076720
0 0.478836 0.074735 0.074074 0.075397