1 0.555556 0.103836 0.087302 0.093915
1 0.801587 0.251323 0.084656 0.084656
1 0.537037 0.250661 0.087302 0.085979
1 0.663360 0.399471 0.080688 0.079365
1 0.534392 0.394841 0.089947 0.083333
1 0.410053 0.398148 0.087302 0.082011
1 0.401455 0.514550 0.085979 0.082011
1 0.408069 0.623677 0.085979 0.080688
1 0.658730 0.630952 0.082011 0.084656
0 0.099868 0.086640 0.104497 0.093915
0 0.101852 0.503968 0.095238 0.087302
0 0.083995 0.911376 0.093915 0.089947
0 0.527778 0.633598 0.087302 0.082011
0 0.525794 0.777778 0.088624 0.089947
0 0.518519 0.911376 0.089947 0.084656
0 0.910053 0.875000 0.087302 0.088624
0 0.950397 0.125661 0.088624 0.084656
0 0.656746 0.516534 0.088624 0.080688