1 0.559524 0.841270 0.074074 0.074074
1 0.937831 0.562169 0.092593 0.100529
1 0.788360 0.561508 0.089947 0.093915
1 0.656746 0.696429 0.078042 0.083333
1 0.646164 0.576058 0.085979 0.096561
1 0.625661 0.451720 0.079365 0.091270
1 0.509921 0.458995 0.085979 0.092593
1 0.396164 0.490741 0.083333 0.092593
0 0.587302 0.942460 0.071429 0.075397
0 0.272487 0.965608 0.087302 0.068783
0 0.278439 0.621032 0.088624 0.091270
0 0.155423 0.633598 0.078042 0.084656
0 0.054894 0.181217 0.099206 0.105820
0 0.471561 0.298942 0.091270 0.108466
0 0.921296 0.056878 0.101852 0.113756