0 0.065476 0.104497 0.099206 0.105820
0 0.498677 0.107143 0.095238 0.103175
0 0.922619 0.096561 0.096561 0.103175
0 0.091931 0.546958 0.088624 0.088624
0 0.157407 0.927910 0.087302 0.083333
0 0.528439 0.919974 0.088624 0.083333
0 0.393519 0.660053 0.088624 0.089947
0 0.231481 0.546958 0.087302 0.088624
1 0.378307 0.429894 0.089947 0.089947
1 0.496032 0.407407 0.089947 0.089947
1 0.620370 0.418651 0.082011 0.085979
1 0.630952 0.541667 0.084656 0.085979
1 0.630291 0.658730 0.083333 0.082011
1 0.773810 0.533069 0.089947 0.089947
1 0.780423 0.787037 0.092593 0.087302
1 0.919312 0.546958 0.095238 0.091270