1 0.222222 0.123677 0.074074 0.072751
1 0.928571 0.083333 0.089947 0.082011
1 0.420635 0.332011 0.076720 0.079365
1 0.268519 0.451058 0.082011 0.084656
1 0.521825 0.329365 0.080688 0.084656
1 0.617063 0.323413 0.083333 0.083333
0 0.537037 0.099206 0.079365 0.074074
0 0.755291 0.224868 0.084656 0.082011
0 0.771164 0.447090 0.087302 0.087302
0 0.912037 0.458995 0.096561 0.087302
0 0.600529 0.539683 0.089947 0.087302
0 0.390873 0.545635 0.083333 0.080688
0 0.171296 0.449735 0.080688 0.074074
0 0.482804 0.697751 0.087302 0.093915
0 0.771825 0.702381 0.091270 0.097884