0 0.076720 0.129630 0.092593 0.087302
0 0.490741 0.089286 0.092593 0.088624
0 0.914683 0.096561 0.096561 0.097884
0 0.489418 0.230159 0.087302 0.089947
0 0.494709 0.382937 0.087302 0.085979
0 0.907407 0.507937 0.095238 0.084656
0 0.912698 0.912698 0.092593 0.089947
0 0.369709 0.503968 0.091270 0.084656
0 0.089286 0.929894 0.093915 0.089947
1 0.092593 0.508598 0.087302 0.083333
1 0.360450 0.385582 0.088624 0.085979
1 0.611111 0.390873 0.087302 0.085979
1 0.623016 0.503307 0.084656 0.083333
1 0.617725 0.621032 0.089947 0.085979
1 0.494048 0.630952 0.088624 0.087302
1 0.367063 0.628307 0.085979 0.087302
1 0.499339 0.778439 0.091270 0.088624
1 0.488757 0.922619 0.091270 0.091270