1 0.109788 0.207672 0.071429 0.071429
1 0.829365 0.086640 0.097884 0.088624
1 0.430556 0.253968 0.085979 0.079365
1 0.212302 0.301587 0.088624 0.079365
1 0.434524 0.368386 0.091270 0.083333
1 0.196429 0.524471 0.083333 0.080688
1 0.573413 0.490741 0.093915 0.082011
1 0.439153 0.859788 0.100529 0.100529
0 0.425265 0.146825 0.080688 0.076720
0 0.663360 0.246693 0.091270 0.085979
0 0.850529 0.461640 0.100529 0.087302
0 0.707011 0.464286 0.091270 0.084656
0 0.545635 0.572751 0.091270 0.084656
0 0.447751 0.605159 0.088624 0.085979
0 0.330688 0.603175 0.092593 0.082011
0 0.097884 0.533069 0.082011 0.076720
0 0.190476 0.739418 0.089947 0.084656
0 0.074735 0.875000 0.088624 0.085979