0 0.074074 0.912698 0.095238 0.103175
0 0.500000 0.908069 0.087302 0.104497
0 0.925265 0.910714 0.099206 0.104497
0 0.910714 0.471561 0.088624 0.096561
0 0.766534 0.470238 0.080688 0.085979
0 0.616402 0.352513 0.079365 0.093915
0 0.500000 0.351852 0.084656 0.092593
0 0.482143 0.087963 0.085979 0.091270
0 0.859788 0.084656 0.087302 0.087302
1 0.220899 0.217593 0.084656 0.088624
1 0.378307 0.349868 0.084656 0.088624
1 0.375000 0.474868 0.083333 0.095238
1 0.228836 0.477513 0.087302 0.089947
1 0.080026 0.466270 0.085979 0.091270
1 0.385582 0.601852 0.085979 0.092593
1 0.504630 0.607143 0.088624 0.092593
1 0.615079 0.587963 0.084656 0.085979