1 0.246693 0.132937 0.067460 0.070106
1 0.912037 0.069444 0.078042 0.080688
1 0.537037 0.207672 0.074074 0.082011
1 0.625000 0.326058 0.083333 0.085979
1 0.433862 0.341270 0.076720 0.084656
1 0.291005 0.471561 0.079365 0.083333
0 0.542989 0.099206 0.072751 0.079365
0 0.751323 0.220238 0.082011 0.085979
0 0.769841 0.447751 0.082011 0.088624
0 0.904101 0.455026 0.085979 0.092593
0 0.777116 0.713624 0.091270 0.093915
0 0.614418 0.550926 0.083333 0.093915
0 0.516534 0.571429 0.083333 0.092593
0 0.409392 0.565476 0.083333 0.088624
0 0.197090 0.472884 0.076720 0.085979