0 0.240741 0.957672 0.084656 0.084656
0 0.596561 0.847884 0.084656 0.092593
0 0.954365 0.742725 0.085979 0.091270
0 0.843254 0.378307 0.083333 0.082011
0 0.724206 0.412037 0.075397 0.083333
0 0.559524 0.349868 0.071429 0.085979
0 0.385582 0.155423 0.072751 0.080688
0 0.706349 0.050926 0.076720 0.080688
1 0.621693 0.552249 0.079365 0.083333
1 0.529762 0.597884 0.078042 0.084656
1 0.427249 0.623677 0.082011 0.080688
1 0.385582 0.516534 0.078042 0.080688
1 0.358466 0.409392 0.074074 0.075397
1 0.189815 0.337302 0.080688 0.079365
1 0.262566 0.560847 0.078042 0.082011
1 0.132275 0.587302 0.082011 0.079365