1 0.496693 0.408730 0.088624 0.089947
1 0.613757 0.417328 0.084656 0.085979
1 0.621693 0.539021 0.079365 0.088624
1 0.765212 0.541005 0.088624 0.089947
1 0.385582 0.544974 0.083333 0.087302
1 0.615079 0.663360 0.082011 0.091270
1 0.763889 0.797619 0.085979 0.092593
1 0.910714 0.554233 0.096561 0.097884
0 0.091270 0.101190 0.100529 0.099206
0 0.501984 0.102513 0.093915 0.104497
0 0.923942 0.095899 0.101852 0.107143
0 0.102513 0.535714 0.083333 0.089947
0 0.236111 0.537698 0.085979 0.085979
0 0.387566 0.658730 0.082011 0.089947
0 0.154762 0.913360 0.087302 0.088624
0 0.513889 0.917328 0.085979 0.091270