1 0.189153 0.259921 0.068783 0.064815
1 0.894841 0.194444 0.085979 0.074074
1 0.591931 0.423280 0.088624 0.074074
1 0.489418 0.427249 0.082011 0.071429
1 0.388228 0.438492 0.080688 0.072751
1 0.239418 0.550265 0.076720 0.071429
0 0.724868 0.328042 0.087302 0.079365
0 0.887566 0.532407 0.097884 0.080688
0 0.750000 0.526455 0.089947 0.071429
0 0.585979 0.616402 0.092593 0.079365
0 0.144180 0.554894 0.084656 0.070106
0 0.368386 0.630952 0.091270 0.076720
0 0.464286 0.765212 0.092593 0.085979
0 0.760582 0.754630 0.095238 0.085979
0 0.511905 0.238095 0.063492 0.044974