1 0.415344 0.619709 0.089947 0.083333
1 0.401455 0.508598 0.088624 0.085979
1 0.408730 0.389550 0.089947 0.085979
1 0.530423 0.387566 0.092593 0.089947
1 0.650794 0.390873 0.087302 0.085979
1 0.787037 0.236772 0.087302 0.089947
1 0.526455 0.236111 0.092593 0.091270
1 0.546958 0.092593 0.091270 0.092593
0 0.105159 0.081349 0.104497 0.104497
0 0.107143 0.500000 0.100529 0.092593
0 0.099868 0.908730 0.099206 0.103175
0 0.527116 0.769841 0.091270 0.095238
0 0.519180 0.901455 0.096561 0.093915
0 0.903439 0.863095 0.084656 0.085979
0 0.904101 0.493386 0.085979 0.089947
0 0.646164 0.507275 0.085979 0.080688