1 0.346561 0.313492 0.068783 0.076720
1 0.379630 0.403439 0.076720 0.082011
1 0.611111 0.420635 0.076720 0.082011
1 0.525132 0.468254 0.079365 0.082011
1 0.429894 0.502646 0.079365 0.092593
1 0.261243 0.447751 0.078042 0.085979
1 0.121693 0.486111 0.087302 0.099206
0 0.276455 0.950397 0.111111 0.099206
0 0.671296 0.730159 0.091270 0.113757
0 0.957672 0.571429 0.082011 0.108466
0 0.744048 0.250661 0.072751 0.075397
0 0.552910 0.137566 0.068783 0.066138
0 0.565476 0.033730 0.070106 0.054233
0 0.330026 0.107143 0.070106 0.063492