0 0.586640 0.307540 0.083333 0.070106
0 0.797619 0.466270 0.087302 0.072751
0 0.663360 0.483466 0.088624 0.067460
0 0.350529 0.250000 0.055556 0.063492
0 0.524471 0.589286 0.085979 0.070106
0 0.437831 0.625000 0.082011 0.070106
0 0.321429 0.636905 0.084656 0.067460
0 0.083995 0.603175 0.078042 0.060847
0 0.209656 0.763228 0.083333 0.066138
0 0.107804 0.880952 0.080688 0.071429
1 0.720899 0.154101 0.089947 0.067460
1 0.359788 0.336640 0.084656 0.067460
1 0.365079 0.441138 0.079365 0.064815
1 0.541667 0.519180 0.085979 0.062169
1 0.144841 0.397487 0.070106 0.062169
1 0.033730 0.330688 0.067460 0.058201
1 0.179233 0.585979 0.078042 0.063492