0 0.051587 0.149471 0.097884 0.116402
0 0.475529 0.289683 0.088624 0.105820
0 0.919974 0.050926 0.112434 0.101852
0 0.262566 0.603175 0.080688 0.089947
0 0.138228 0.611772 0.083333 0.085979
0 0.568122 0.947751 0.078042 0.091270
0 0.238095 0.966270 0.079365 0.067460
1 0.384921 0.473545 0.082011 0.092593
1 0.498016 0.443783 0.083333 0.096561
1 0.619709 0.444444 0.083333 0.092593
1 0.636243 0.571429 0.087302 0.095238
1 0.642857 0.698413 0.079365 0.087302
1 0.800265 0.822090 0.089947 0.093915
1 0.780423 0.560185 0.095238 0.107143
1 0.932540 0.562169 0.097884 0.103175