1 0.253307 0.086640 0.075397 0.072751
1 0.937169 0.068122 0.088624 0.080688
1 0.546296 0.175926 0.084656 0.079365
1 0.328042 0.193122 0.084656 0.082011
1 0.636243 0.302910 0.084656 0.089947
1 0.645503 0.437831 0.089947 0.087302
1 0.271164 0.420635 0.084656 0.087302
1 0.449074 0.810185 0.099206 0.109788
0 0.560847 0.073413 0.076720 0.075397
0 0.765212 0.199735 0.083333 0.082011
0 0.773148 0.425265 0.088624 0.088624
0 0.910714 0.443122 0.096561 0.095238
0 0.605820 0.519841 0.095238 0.095238
0 0.734127 0.696429 0.097884 0.109788
0 0.421958 0.421296 0.087302 0.088624
0 0.171296 0.417989 0.083333 0.082011
0 0.220899 0.650132 0.089947 0.093915
0 0.070106 0.789021 0.095238 0.099206