0 0.421296 0.151455 0.083333 0.070106
0 0.664021 0.257275 0.087302 0.080688
0 0.849206 0.469577 0.100529 0.082011
0 0.705688 0.472222 0.091270 0.082011
0 0.543651 0.580688 0.092593 0.082011
0 0.445767 0.615079 0.087302 0.087302
0 0.328042 0.609788 0.089947 0.082011
0 0.095899 0.537037 0.083333 0.071429
0 0.189815 0.745370 0.088624 0.083333
0 0.072090 0.881614 0.091270 0.085979
1 0.103836 0.210317 0.078042 0.068783
1 0.204365 0.304894 0.080688 0.072751
1 0.427249 0.259921 0.087302 0.078042
1 0.434524 0.375000 0.085979 0.080688
1 0.572090 0.499339 0.093915 0.080688
1 0.828704 0.094577 0.096561 0.080688
1 0.192460 0.529101 0.083333 0.079365