1 0.793651 0.169312 0.068783 0.071429
1 0.478836 0.224868 0.082011 0.082011
1 0.698413 0.255952 0.074074 0.078042
1 0.247354 0.443122 0.089947 0.097884
1 0.744048 0.473545 0.075397 0.087302
1 0.633598 0.579365 0.084656 0.089947
1 0.503968 0.597222 0.082011 0.093915
1 0.079365 0.910053 0.111111 0.121693
1 0.917989 0.885582 0.087302 0.099206
0 0.130291 0.076720 0.085979 0.084656
0 0.472222 0.130952 0.076720 0.082011
0 0.262566 0.199735 0.085979 0.089947
0 0.496693 0.371032 0.080688 0.088624
0 0.851852 0.475529 0.079365 0.085979
0 0.420635 0.560847 0.084656 0.092593
0 0.527778 0.738095 0.089947 0.103175
0 0.527778 0.884259 0.092593 0.109788