1 0.222222 0.099868 0.074074 0.070106
1 0.925265 0.074735 0.088624 0.083333
1 0.301587 0.201720 0.074074 0.075397
1 0.402778 0.306878 0.080688 0.084656
1 0.505952 0.304894 0.083333 0.080688
1 0.617725 0.439815 0.089947 0.088624
1 0.250661 0.420635 0.078042 0.079365
0 0.532407 0.082672 0.080688 0.075397
0 0.748016 0.208995 0.088624 0.084656
0 0.755291 0.431878 0.089947 0.088624
0 0.898810 0.447751 0.099206 0.093915
0 0.747354 0.694444 0.097884 0.100529
0 0.579365 0.519841 0.087302 0.092593
0 0.481481 0.539021 0.089947 0.091270
0 0.365741 0.519180 0.083333 0.085979
0 0.152778 0.416667 0.080688 0.079365
0 0.046958 0.761905 0.091270 0.092593