1 0.386905 0.410053 0.088624 0.084656
1 0.501323 0.400794 0.087302 0.089947
1 0.617725 0.402778 0.084656 0.088624
1 0.632937 0.526455 0.085979 0.084656
1 0.781746 0.523148 0.089947 0.085979
1 0.932540 0.534392 0.097884 0.092593
1 0.632275 0.652116 0.087302 0.092593
1 0.791667 0.785714 0.085979 0.084656
0 0.137566 0.924603 0.092593 0.079365
0 0.937169 0.930556 0.088624 0.083333
0 0.504630 0.650132 0.080688 0.088624
0 0.389550 0.649471 0.083333 0.095238
0 0.228836 0.534392 0.087302 0.082011
0 0.087963 0.533730 0.091270 0.085979
0 0.080688 0.107804 0.095238 0.096561
0 0.503307 0.107143 0.088624 0.100529
0 0.931217 0.096561 0.092593 0.095238