1 0.895503 0.199074 0.079365 0.075397
1 0.543651 0.250000 0.089947 0.087302
1 0.779101 0.287698 0.082011 0.080688
1 0.796296 0.519180 0.087302 0.083333
1 0.914683 0.933862 0.088624 0.089947
1 0.664683 0.619709 0.085979 0.088624
1 0.526455 0.630291 0.084656 0.091270
1 0.281085 0.471561 0.093915 0.091270
1 0.089947 0.899471 0.108466 0.105820
0 0.183201 0.083333 0.091270 0.089947
0 0.546958 0.147487 0.080688 0.085979
0 0.316138 0.219577 0.092593 0.092593
0 0.544312 0.402778 0.085979 0.091270
0 0.910053 0.528439 0.079365 0.080688
0 0.771825 0.753968 0.091270 0.087302
0 0.537698 0.763889 0.088624 0.091270
0 0.275132 0.726852 0.097884 0.099206
0 0.521825 0.900132 0.093915 0.096561
0 0.443783 0.589947 0.093915 0.089947