0 0.538360 0.089947 0.079365 0.079365
0 0.756614 0.231481 0.087302 0.087302
0 0.901455 0.477513 0.088624 0.095238
0 0.769841 0.461640 0.084656 0.089947
0 0.606481 0.560847 0.088624 0.092593
0 0.742725 0.737434 0.093915 0.101852
0 0.418651 0.458995 0.091270 0.092593
0 0.164683 0.460317 0.088624 0.089947
0 0.236772 0.703704 0.092593 0.097884
0 0.092593 0.848545 0.092593 0.104497
1 0.222222 0.105159 0.079365 0.078042
1 0.920635 0.089286 0.084656 0.085979
1 0.310847 0.218915 0.082011 0.085979
1 0.533069 0.201058 0.082011 0.084656
1 0.631614 0.336640 0.085979 0.091270
1 0.266534 0.463624 0.085979 0.088624
1 0.644180 0.474868 0.087302 0.087302
1 0.917328 0.927249 0.101852 0.116402