1 0.045635 0.344577 0.067460 0.062169
1 0.714947 0.156746 0.091270 0.070106
1 0.364418 0.345238 0.083333 0.066138
1 0.163360 0.411376 0.080688 0.060847
1 0.298280 0.471561 0.078042 0.064815
1 0.549603 0.523810 0.085979 0.071429
1 0.195106 0.597884 0.078042 0.066138
0 0.338624 0.256614 0.079365 0.063492
0 0.587302 0.310847 0.087302 0.068783
0 0.801587 0.462302 0.089947 0.067460
0 0.666005 0.484788 0.088624 0.070106
0 0.532407 0.593915 0.085979 0.068783
0 0.451058 0.630952 0.084656 0.071429
0 0.335317 0.643519 0.080688 0.067460
0 0.101852 0.619048 0.076720 0.063492
0 0.466931 0.727513 0.087302 0.071429
0 0.132275 0.894841 0.082011 0.070106