1 0.742725 0.066799 0.070106 0.070106
1 0.659392 0.171958 0.075397 0.074074
1 0.238095 0.439153 0.087302 0.095238
1 0.625000 0.501984 0.080688 0.088624
1 0.935185 0.761243 0.084656 0.093915
1 0.127646 0.911376 0.104497 0.111111
1 0.499339 0.546958 0.083333 0.091270
0 0.087963 0.100529 0.083333 0.079365
0 0.227513 0.200397 0.084656 0.088624
0 0.469577 0.324074 0.082011 0.087302
0 0.830688 0.361772 0.082011 0.083333
0 0.414021 0.525794 0.084656 0.091270
0 0.538360 0.673942 0.084656 0.093915
0 0.549603 0.820767 0.085979 0.107143