1 0.516534 0.617063 0.085979 0.088624
1 0.648810 0.470238 0.088624 0.083333
1 0.395503 0.607143 0.089947 0.084656
1 0.386905 0.482804 0.088624 0.084656
1 0.388889 0.360450 0.087302 0.088624
1 0.234127 0.223545 0.089947 0.087302
1 0.236111 0.487434 0.093915 0.091270
1 0.089286 0.472884 0.093915 0.088624
0 0.925926 0.912037 0.100529 0.096561
0 0.509921 0.907407 0.085979 0.097884
0 0.082011 0.915344 0.097884 0.100529
0 0.920635 0.487434 0.089947 0.091270
0 0.787037 0.482143 0.084656 0.085979
0 0.632937 0.362434 0.080688 0.082011
0 0.515212 0.361111 0.085979 0.087302
0 0.500000 0.097222 0.082011 0.083333
0 0.876323 0.096561 0.088624 0.084656