0 0.107143 0.089947 0.100529 0.095238
0 0.933862 0.152778 0.079365 0.085979
0 0.651455 0.529101 0.088624 0.082011
0 0.080026 0.912037 0.099206 0.093915
0 0.513889 0.905423 0.088624 0.085979
0 0.892196 0.863757 0.080688 0.084656
0 0.523810 0.637566 0.082011 0.076720
1 0.557540 0.123016 0.091270 0.089947
1 0.414021 0.406746 0.087302 0.085979
1 0.537698 0.404101 0.085979 0.080688
1 0.656085 0.412698 0.082011 0.082011
1 0.897487 0.531746 0.083333 0.079365
1 0.648810 0.634921 0.083333 0.079365
1 0.400794 0.521164 0.087302 0.079365
1 0.406746 0.627646 0.085979 0.083333