1 0.087302 0.247354 0.071429 0.071429
1 0.810847 0.135582 0.087302 0.080688
1 0.560185 0.528439 0.085979 0.080688
1 0.409392 0.411376 0.056878 0.076720
1 0.410714 0.553571 0.080688 0.083333
1 0.188492 0.559524 0.078042 0.079365
1 0.183201 0.338624 0.059524 0.074074
0 0.647487 0.292328 0.088624 0.082011
0 0.692460 0.503968 0.085979 0.079365
0 0.834656 0.501984 0.097884 0.085979
0 0.533730 0.607804 0.085979 0.083333
0 0.440476 0.636243 0.082011 0.079365
0 0.324074 0.635582 0.084656 0.072751
0 0.091931 0.564815 0.078042 0.068783
0 0.192460 0.763889 0.085979 0.078042
0 0.083333 0.894841 0.082011 0.080688