0 0.047619 0.605820 0.087302 0.097884
0 0.413360 0.772487 0.085979 0.105820
0 0.802910 0.955688 0.103175 0.088624
0 0.911376 0.535714 0.084656 0.092593
0 0.784392 0.486111 0.079365 0.080688
0 0.957672 0.223545 0.074074 0.068783
0 0.654762 0.131614 0.063492 0.070106
1 0.638228 0.211640 0.070106 0.068783
1 0.623016 0.536376 0.079365 0.088624
1 0.510582 0.508598 0.079365 0.078042
1 0.417328 0.462963 0.075397 0.084656
1 0.451720 0.364418 0.070106 0.078042
1 0.498016 0.274471 0.067460 0.070106
1 0.339947 0.318783 0.074074 0.074074
1 0.238757 0.266534 0.072751 0.072751