1 0.394180 0.423942 0.082011 0.085979
1 0.502646 0.412037 0.089947 0.088624
1 0.618386 0.417328 0.088624 0.088624
1 0.633598 0.541005 0.084656 0.084656
1 0.630952 0.662037 0.087302 0.088624
1 0.398810 0.671958 0.088624 0.089947
1 0.522487 0.919312 0.082011 0.082011
1 0.920635 0.545635 0.095238 0.099206
0 0.080688 0.112434 0.097884 0.103175
0 0.487434 0.107143 0.093915 0.100529
0 0.923280 0.099868 0.100529 0.099206
0 0.105820 0.548280 0.095238 0.091270
0 0.388889 0.541667 0.089947 0.091270
0 0.511905 0.661376 0.082011 0.084656
0 0.169974 0.935847 0.091270 0.080688
0 0.921296 0.930556 0.088624 0.093915