1 0.505952 0.091270 0.083333 0.084656
1 0.385582 0.349206 0.083333 0.087302
1 0.619709 0.346561 0.085979 0.084656
1 0.089947 0.455026 0.087302 0.087302
1 0.234127 0.473545 0.092593 0.089947
1 0.379630 0.472222 0.087302 0.089947
1 0.389550 0.595238 0.088624 0.089947
1 0.504630 0.605820 0.088624 0.087302
1 0.617063 0.598545 0.083333 0.093915
0 0.108466 0.072090 0.087302 0.085979
0 0.864418 0.083995 0.088624 0.085979
0 0.911376 0.480159 0.092593 0.092593
0 0.507275 0.352513 0.083333 0.091270
0 0.625661 0.477513 0.084656 0.087302
0 0.920635 0.922619 0.097884 0.101852
0 0.493386 0.905423 0.089947 0.099206
0 0.072751 0.902778 0.097884 0.099206