1 0.231481 0.095238 0.071429 0.068783
1 0.935847 0.072751 0.093915 0.084656
1 0.412037 0.290344 0.080688 0.075397
1 0.250000 0.398810 0.087302 0.080688
1 0.511243 0.291005 0.083333 0.079365
1 0.612434 0.287698 0.084656 0.083333
0 0.542328 0.077381 0.079365 0.067460
0 0.757275 0.197090 0.088624 0.076720
0 0.150132 0.393519 0.083333 0.072751
0 0.040344 0.723545 0.080688 0.089947
0 0.366402 0.491402 0.092593 0.083333
0 0.486111 0.511905 0.088624 0.089947
0 0.583995 0.492725 0.085979 0.091270
0 0.763228 0.409392 0.092593 0.080688
0 0.906746 0.425265 0.099206 0.085979
0 0.753307 0.660053 0.099206 0.100529