1 0.380291 0.494048 0.085979 0.088624
1 0.492063 0.463624 0.084656 0.085979
1 0.607804 0.454365 0.083333 0.088624
1 0.630952 0.575397 0.084656 0.087302
1 0.641534 0.690476 0.079365 0.087302
1 0.769841 0.556217 0.084656 0.093915
1 0.921296 0.558201 0.093915 0.089947
1 0.799603 0.798942 0.083333 0.084656
0 0.892196 0.093254 0.109788 0.109788
0 0.457011 0.155423 0.091270 0.109788
0 0.048942 0.210317 0.095238 0.105820
0 0.142196 0.632275 0.080688 0.079365
0 0.263889 0.618386 0.083333 0.083333
0 0.250000 0.956349 0.082011 0.071429
0 0.579365 0.927249 0.082011 0.079365