1 0.821429 0.110450 0.097884 0.085979
1 0.414021 0.280423 0.084656 0.082011
1 0.080026 0.235450 0.078042 0.074074
1 0.187831 0.327381 0.084656 0.075397
1 0.424603 0.397487 0.092593 0.085979
1 0.183201 0.550926 0.085979 0.075397
1 0.568783 0.517196 0.089947 0.079365
1 0.437169 0.870370 0.099206 0.092593
0 0.406085 0.173280 0.087302 0.076720
0 0.655423 0.271825 0.091270 0.080688
0 0.698413 0.490079 0.089947 0.083333
0 0.844577 0.485450 0.099206 0.087302
0 0.080688 0.560847 0.082011 0.076720
0 0.333333 0.529101 0.089947 0.079365
0 0.539021 0.597222 0.091270 0.083333
0 0.185185 0.762566 0.089947 0.080688
0 0.438492 0.748677 0.096561 0.087302
0 0.072090 0.896825 0.091270 0.084656