0 0.114418 0.078704 0.078042 0.088624
0 0.450397 0.090608 0.075397 0.083333
0 0.858466 0.423280 0.087302 0.089947
0 0.242725 0.189153 0.085979 0.089947
0 0.475529 0.343254 0.080688 0.096561
0 0.396825 0.550265 0.087302 0.095238
0 0.503968 0.721561 0.092593 0.104497
0 0.506614 0.875000 0.095238 0.109788
1 0.795635 0.089947 0.080688 0.076720
1 0.691138 0.197090 0.080688 0.087302
1 0.457672 0.190476 0.084656 0.084656
1 0.230159 0.441138 0.089947 0.096561
1 0.482804 0.580688 0.084656 0.095238
1 0.616402 0.551587 0.089947 0.097884
1 0.076720 0.906746 0.100529 0.117725
1 0.923942 0.875000 0.096561 0.109788