0 0.169974 0.073413 0.085979 0.088624
0 0.504630 0.149471 0.080688 0.084656
0 0.294312 0.202381 0.085979 0.087302
0 0.516534 0.385582 0.083333 0.093915
0 0.868386 0.513228 0.078042 0.087302
0 0.426587 0.565476 0.088624 0.093915
0 0.263228 0.697751 0.097884 0.099206
0 0.525132 0.744709 0.089947 0.095238
0 0.519180 0.889550 0.093915 0.107143
1 0.825397 0.207011 0.076720 0.072751
1 0.507937 0.240741 0.079365 0.079365
1 0.728175 0.285714 0.075397 0.079365
1 0.762566 0.500661 0.078042 0.093915
1 0.642196 0.597222 0.085979 0.093915
1 0.265212 0.437169 0.091270 0.096561
1 0.513889 0.608466 0.083333 0.097884
1 0.074735 0.878307 0.109788 0.119048
1 0.908069 0.922619 0.091270 0.101852