0 0.513228 0.109788 0.082011 0.076720
0 0.731481 0.223545 0.082011 0.082011
0 0.753307 0.453704 0.083333 0.092593
0 0.890212 0.458333 0.089947 0.088624
0 0.765212 0.720238 0.093915 0.099206
0 0.476852 0.735450 0.093915 0.100529
0 0.591931 0.558862 0.085979 0.096561
0 0.380952 0.577381 0.089947 0.088624
0 0.160053 0.490079 0.082011 0.080688
1 0.204365 0.149471 0.070106 0.074074
1 0.896164 0.076058 0.085979 0.080688
1 0.509259 0.218254 0.082011 0.079365
1 0.600529 0.333333 0.079365 0.084656
1 0.400794 0.354497 0.076720 0.084656
1 0.257275 0.483466 0.078042 0.080688