0 0.078042 0.096561 0.089947 0.089947
0 0.877646 0.080688 0.085979 0.092593
0 0.912037 0.489418 0.091270 0.089947
0 0.505291 0.368386 0.079365 0.085979
0 0.624339 0.493386 0.084656 0.087302
0 0.773148 0.489418 0.088624 0.089947
0 0.913360 0.909392 0.093915 0.093915
0 0.507937 0.903439 0.089947 0.097884
0 0.106481 0.916667 0.093915 0.089947
1 0.218915 0.244709 0.091270 0.089947
1 0.381614 0.371032 0.083333 0.083333
1 0.091270 0.496032 0.084656 0.084656
1 0.235450 0.505952 0.089947 0.088624
1 0.378968 0.498677 0.085979 0.087302
1 0.391534 0.619709 0.084656 0.091270
1 0.508598 0.625000 0.085979 0.091270
1 0.618386 0.612434 0.083333 0.089947