1 0.335979 0.397487 0.084656 0.080688
1 0.586640 0.398148 0.085979 0.084656
1 0.597884 0.505291 0.092593 0.079365
1 0.195767 0.517196 0.084656 0.079365
1 0.342593 0.625661 0.082011 0.074074
1 0.466931 0.628968 0.089947 0.080688
1 0.587302 0.622354 0.087302 0.080688
1 0.467593 0.770503 0.083333 0.083333
1 0.452381 0.911376 0.089947 0.082011
0 0.070767 0.166667 0.083333 0.082011
0 0.462963 0.109127 0.095238 0.085979
0 0.907407 0.095238 0.100529 0.095238
0 0.466270 0.246032 0.091270 0.084656
0 0.468915 0.391534 0.093915 0.084656
0 0.896164 0.509259 0.101852 0.087302
0 0.342593 0.507275 0.087302 0.078042
0 0.897487 0.919312 0.101852 0.092593
0 0.066138 0.902778 0.084656 0.085979