0 0.586640 0.087302 0.067460 0.071429
0 0.773810 0.204365 0.074074 0.080688
0 0.781746 0.415344 0.076720 0.087302
0 0.912698 0.429894 0.087302 0.087302
0 0.242063 0.411376 0.071429 0.074074
0 0.432540 0.506614 0.079365 0.082011
0 0.538360 0.524471 0.082011 0.085979
0 0.628968 0.503307 0.078042 0.091270
0 0.778439 0.669974 0.091270 0.101852
1 0.311508 0.107143 0.064815 0.063492
1 0.931217 0.077381 0.079365 0.078042
1 0.470899 0.300926 0.074074 0.080688
1 0.330026 0.414683 0.072751 0.078042
1 0.563492 0.301587 0.074074 0.076720
1 0.650132 0.294974 0.080688 0.082011