0 0.548280 0.072751 0.072751 0.071429
0 0.755291 0.197751 0.084656 0.075397
0 0.763889 0.413360 0.088624 0.085979
0 0.902116 0.432540 0.092593 0.087302
0 0.591931 0.493386 0.085979 0.089947
0 0.494048 0.516534 0.085979 0.088624
0 0.380291 0.492725 0.085979 0.083333
0 0.164021 0.388889 0.079365 0.071429
0 0.471561 0.631614 0.091270 0.091270
0 0.051587 0.731481 0.092593 0.092593
1 0.928571 0.076720 0.084656 0.076720
1 0.240741 0.080026 0.071429 0.064815
1 0.318122 0.183201 0.075397 0.072751
1 0.419974 0.285714 0.080688 0.079365
1 0.261905 0.396825 0.079365 0.079365
1 0.520503 0.289021 0.083333 0.078042
1 0.630952 0.420635 0.087302 0.079365