1 0.222884 0.146164 0.070106 0.067460
1 0.916667 0.085317 0.084656 0.083333
1 0.526455 0.218915 0.082011 0.078042
1 0.615079 0.334656 0.082011 0.082011
1 0.416667 0.348545 0.082011 0.080688
0 0.533730 0.110450 0.078042 0.075397
0 0.750000 0.229497 0.082011 0.083333
0 0.769180 0.454365 0.085979 0.083333
0 0.909392 0.462302 0.088624 0.083333
0 0.167328 0.477513 0.080688 0.076720
0 0.391534 0.569444 0.089947 0.083333
0 0.503968 0.577381 0.082011 0.091270
0 0.601852 0.552910 0.079365 0.089947
0 0.775794 0.720238 0.091270 0.101852