0 0.600529 0.275794 0.087302 0.078042
0 0.344577 0.218915 0.080688 0.070106
0 0.816799 0.440476 0.096561 0.076720
0 0.681878 0.465608 0.088624 0.079365
0 0.546296 0.586640 0.089947 0.080688
0 0.339286 0.553571 0.088624 0.075397
0 0.106481 0.620370 0.083333 0.068783
0 0.476852 0.735450 0.091270 0.076720
0 0.236111 0.785053 0.085979 0.075397
0 0.153439 0.923280 0.084656 0.074074
1 0.731481 0.105159 0.089947 0.078042
1 0.372354 0.318122 0.080688 0.072751
1 0.045635 0.323413 0.075397 0.067460
1 0.164021 0.393519 0.079365 0.067460
1 0.198413 0.597222 0.082011 0.072751
1 0.500000 0.847222 0.095238 0.083333
1 0.505291 0.400794 0.089947 0.079365
1 0.558862 0.508598 0.091270 0.072751