0 0.052249 0.599868 0.091270 0.093915
0 0.445106 0.748677 0.093915 0.111111
0 0.861772 0.919312 0.101852 0.121693
0 0.930556 0.475529 0.085979 0.085979
0 0.800926 0.438492 0.080688 0.088624
0 0.941799 0.173942 0.074074 0.070106
0 0.639550 0.096561 0.072751 0.068783
1 0.640212 0.494709 0.079365 0.087302
1 0.229497 0.243386 0.075397 0.074074
1 0.334656 0.290344 0.076720 0.072751
1 0.499339 0.253307 0.070106 0.072751
1 0.457011 0.329365 0.075397 0.071429
1 0.427249 0.431217 0.076720 0.084656
1 0.527116 0.474206 0.078042 0.085979