1 0.386905 0.387566 0.080688 0.089947
1 0.496693 0.373016 0.083333 0.084656
1 0.611111 0.376323 0.084656 0.088624
1 0.625661 0.498016 0.082011 0.088624
1 0.765212 0.488757 0.080688 0.088624
1 0.913360 0.495370 0.091270 0.083333
1 0.628307 0.625661 0.082011 0.087302
1 0.392857 0.636243 0.084656 0.084656
1 0.518519 0.773148 0.082011 0.085979
0 0.091270 0.100529 0.092593 0.089947
0 0.492725 0.096561 0.085979 0.092593
0 0.883598 0.079365 0.087302 0.089947
0 0.932540 0.890873 0.095238 0.091270
0 0.503968 0.627646 0.084656 0.088624
0 0.522487 0.895503 0.087302 0.087302
0 0.379630 0.508598 0.082011 0.088624
0 0.230820 0.513228 0.091270 0.095238
0 0.092593 0.514550 0.095238 0.084656