0 0.144180 0.385582 0.082011 0.072751
0 0.040344 0.714286 0.080688 0.097884
0 0.534392 0.070767 0.082011 0.070106
0 0.748016 0.191799 0.088624 0.076720
0 0.758598 0.403439 0.088624 0.082011
0 0.900132 0.421958 0.099206 0.092593
0 0.361111 0.485450 0.092593 0.084656
0 0.479497 0.504630 0.091270 0.088624
0 0.580026 0.486772 0.091270 0.087302
0 0.749339 0.655423 0.101852 0.096561
1 0.220238 0.084656 0.075397 0.066138
1 0.927910 0.065476 0.088624 0.075397
1 0.402778 0.281085 0.083333 0.075397
1 0.506614 0.284392 0.082011 0.082011
1 0.244048 0.388889 0.085979 0.074074
1 0.619709 0.412037 0.085979 0.080688