0 0.112434 0.080688 0.089947 0.084656
0 0.467593 0.089286 0.080688 0.078042
0 0.255291 0.189153 0.087302 0.084656
0 0.501323 0.328042 0.079365 0.079365
0 0.858466 0.390212 0.074074 0.076720
0 0.432540 0.529762 0.087302 0.088624
0 0.544974 0.679233 0.087302 0.085979
0 0.552249 0.822751 0.085979 0.092593
1 0.797619 0.087302 0.074074 0.071429
1 0.705026 0.187831 0.076720 0.076720
1 0.250000 0.436508 0.089947 0.092593
1 0.519180 0.550926 0.085979 0.088624
1 0.645503 0.516534 0.082011 0.085979
1 0.110450 0.908730 0.109788 0.111111
1 0.927249 0.779762 0.084656 0.093915